618d617
< ROUTE_ROUTEDEFINITION, [11284, 11308, 11332, 11356, 11388, 11412, 11436, 11460, 11484, 11508, 11532, 11564, 11588, 11612, 11644, 11668, 11692, 11716, 11740, 11764, 11788, 11812, 11844, 11868, 11892, 11916, 11940, 11964, 11236, 11260]
803d801
< ROUTE_ROUTEDEFINITION, [12076, 12100, 12148, 12172, 12204, 12228, 12252, 12276, 12300, 12324, 12348, 12372, 12420, 12444, 12468, 12492, 12516, 12540, 12564, 12588, 12612, 12676, 12700, 12724, 12772, 12796, 12820, 12852, 12876, 12900, 12924, 12948, 12972, 12996, 12004, 12028, 12052]
878d875
< ROUTE_ROUTEDEFINITION, [120384, 120408, 120440, 120472, 120496, 120520, 120544, 120568, 120592, 120616, 120640, 120672, 120696, 120720, 120744, 120776, 120800, 120848, 120896, 120920, 120944, 120968, 121000, 121024, 121048, 121072, 121096, 121128, 121152, 121176, 121200, 121224, 121248, 121272, 121296, 121320, 121352, 121376, 121408, 121432, 121456, 121480, 121504, 121528, 121560, 121584, 121608, 121632, 121656, 121680, 121704, 121736, 121760, 121784, 121816, 121840, 121864, 121888, 121912, 121936, 121968, 121992, 122024, 122056, 122080, 122112, 122136, 122160, 122184, 122208, 122232, 120328, 120360]
1335c1332,1335
< ROUTE_ROUTEDEFINITION, [122328, 122352, 122376, 122400, 122424, 122448, 122480, 122528, 122552, 122576, 122600, 122624, 122656, 122680, 122712, 122736, 122760, 122792, 122816, 122840, 122896, 122920, 122944, 122968, 123000, 123024, 123048, 123072, 123120, 123152, 123176, 123200, 123224, 123248, 123272, 123304, 123328, 123352, 123376, 122272, 122304]
---
> ROUTE_ROUTEDEFINITION, []
> ROUTE_ROUTEDEFINITION, []
> ROUTE_ROUTEDEFINITION, []
> ROUTE_ROUTEDEFINITION, []
2405c2405
< ROUTE_ROUTEDEFINITION, [126920, 126968, 126992, 127016, 127048, 127072, 127096, 127120, 127152, 127176, 127232, 127264, 127288, 127312, 127336, 127360, 127384, 127408, 127440, 127464, 127488, 127512, 127536, 127560, 127584, 127608, 127640, 127672, 127696, 127720, 127744, 127776, 127800, 127824, 127856, 127880, 127904, 127936, 127960, 126864, 126896]
---
> ROUTE_ROUTEDEFINITION, []
3189d3188
< ROUTE_ROUTEDEFINITION, [130288, 130320, 130344, 130368, 130392, 130416, 130440, 130464, 130488, 130520, 130544, 130568, 130592, 130616, 130640, 130664, 130696, 130720, 130768, 130792, 130816, 130840, 130872, 130896, 130920, 130944, 130992, 131016, 131040, 131072, 131096, 131128, 131152, 131176, 131200, 131224, 131248, 131280, 131304, 131328, 131352, 131384, 131408, 131432, 131456, 131480, 131504, 131528, 131560, 131584, 131608, 131640, 131664, 131688, 131712, 131744, 131768, 131792, 131816, 131840, 131872, 131896, 131920, 130216, 130240, 130264]
3199c3198,3199
< ROUTE_ROUTEDEFINITION, [13116, 13140, 13180, 13204, 13228, 13252, 13276, 13300, 13332, 13356, 13388, 13412, 13436, 13460, 13484, 13516, 13540, 13564, 13596, 13620, 13644, 13668, 13692, 13716, 13740, 13764, 13796, 13820, 13844, 13876, 13900, 13924, 13948, 13980, 14004, 14036, 14060, 14084, 14116, 14148, 14172, 14196, 14228, 14252, 14276, 14300, 14324, 14380, 14404, 14428, 14452, 14484, 14508, 14532, 14556, 14588, 14612, 14636, 14660, 14684, 14708, 14732, 13036, 13060, 13084]
---
> ROUTE_ROUTEDEFINITION, []
> ROUTE_ROUTEDEFINITION, []
4184d4183
< ROUTE_ROUTEDEFINITION, [134560, 134584, 134616, 134640, 134664, 134688, 134712, 134736, 134760, 134784, 134808, 134840, 134864, 134888, 134912, 134960, 134984, 135040, 135064, 135088, 135112, 135144, 135168, 135192, 135216, 135240, 135272, 135296, 134512, 134536]
4382c4381,4382
< ROUTE_ROUTEDEFINITION, [135408, 135432, 135456, 135488, 135512, 135536, 135560, 135592, 135616, 135640, 135664, 135688, 135712, 135736, 135760, 135784, 135816, 135840, 135864, 135888, 135912, 135936, 135968, 135992, 136016, 136040, 136064, 136088, 136112, 136144, 136168, 136192, 136216, 136240, 136272, 136344, 136368, 136392, 136416, 136440, 136464, 136496, 136520, 136544, 136568, 136592, 136616, 136640, 136664, 136696, 136720, 136768, 136792, 136816, 136840, 136864, 136896, 136920, 136944, 136968, 136992, 137016, 137040, 137064, 137096, 137120, 137144, 137168, 137192, 137216, 137240, 137264, 135336, 135360, 135384]
---
> ROUTE_ROUTEDEFINITION, []
> ROUTE_ROUTEDEFINITION, []
5133d5132
< ROUTE_ROUTEDEFINITION, [138608, 138632, 138656, 138680, 138704, 138728, 138752, 138776, 138832, 138856, 138880, 138904, 138936, 138960, 138984, 139008, 139032, 139056, 139080, 139104, 139128, 138552, 138576]
5275c5274,5275
< ROUTE_ROUTEDEFINITION, [139248, 139272, 139296, 139328, 139352, 139376, 139408, 139432, 139456, 139480, 139504, 139528, 139560, 139584, 139608, 139632, 139656, 139680, 139712, 139736, 139784, 139816, 139840, 139872, 139896, 139920, 139944, 139968, 139992, 140016, 140040, 140064, 140096, 140120, 140152, 140176, 140200, 140224, 140248, 140272, 140296, 140320, 140344, 140376, 140400, 140424, 140448, 140472, 140496, 140520, 140544, 140576, 140600, 140632, 140656, 140680, 140704, 140744, 140768, 140792, 140816, 140840, 140864, 140888, 140912, 140936, 140968, 140992, 141016, 141040, 139176, 139200, 139224]
---
> ROUTE_ROUTEDEFINITION, []
> ROUTE_ROUTEDEFINITION, []
6039d6038
< ROUTE_ROUTEDEFINITION, [142520, 142544, 142568, 142592, 142616, 142640, 142664, 1492, 1444, 1420, 1388, 1364, 1340, 1316, 1292, 1268, 1244, 1220, 1188, 1164, 1116, 1092, 1068, 1044, 1020, 996, 964, 940, 916, 892, 844, 820, 788, 764, 740, 716, 692, 668, 636, 612, 580, 556, 532, 508, 484, 452, 428, 404, 380, 356, 332, 300, 268, 244, 220, 196, 148, 124, 100, 76, 36, 12, 142440, 142464, 142488]
6212c6211,6212
< ROUTE_ROUTEDEFINITION, [14844, 14868, 14892, 14916, 14940, 14964, 14996, 15020, 15044, 15068, 15092, 15116, 15148, 15172, 15196, 15220, 15244, 15276, 15308, 15332, 15356, 15380, 15404, 15436, 15460, 15484, 15508, 15532, 15556, 15580, 15604, 15636, 15660, 15684, 15708, 15732, 15756, 15780, 15804, 15836, 15868, 15892, 15916, 15948, 15972, 15996, 16028, 16052, 16076, 16100, 16124, 16148, 16172, 16196, 16228, 16252, 16276, 16300, 16324, 16348, 16404, 16436, 16460, 16484, 16508, 16532, 16556, 16580, 16604, 16628, 16660, 16684, 16732, 16756, 16780, 16804, 16828, 14772, 14796, 14820]
---
> ROUTE_ROUTEDEFINITION, []
> ROUTE_ROUTEDEFINITION, []
6904d6903
< ROUTE_ROUTEDEFINITION, [161812, 161836, 161868, 161892, 161916, 161940, 161964, 161988, 162012, 162036, 161740, 161764, 161788]
6981d6979
< ROUTE_ROUTEDEFINITION, [162148, 162172, 162196, 162220, 162260, 162284, 162308, 162332, 162356, 162388, 162412, 162436, 162460, 162484, 162508, 162532, 162556, 162580, 162636, 162660, 162684, 162708, 162732, 162764, 162788, 162812, 162836, 162860, 162884, 162916, 162940, 162964, 162996, 163020, 163044, 163068, 163092, 163116, 163140, 162076, 162100, 162124]
7239c7237,7239
< ROUTE_ROUTEDEFINITION, [163260, 163292, 163316, 163340, 163364, 163388, 163420, 163444, 163492, 163516, 163540, 163564, 163588, 163620, 163644, 163668, 163692, 163724, 163748, 163772, 163796, 163836, 163868, 163900, 163924, 163948, 163972, 164004, 164028, 164052, 164100, 164124, 164172, 164228, 164252, 164276, 164300, 164332, 164356, 164380, 164404, 164428, 164452, 164476, 164508, 164532, 164556, 164588, 164620, 164644, 164668, 164692, 164716, 164740, 164764, 164788, 164820, 164844, 164868, 164892, 164916, 164940, 164964, 164996, 165020, 165044, 163188, 163212, 163236]
---
> ROUTE_ROUTEDEFINITION, []
> ROUTE_ROUTEDEFINITION, []
> ROUTE_ROUTEDEFINITION, []
8002d8001
< ROUTE_ROUTEDEFINITION, [166532, 166556, 166580, 166604, 166628, 166652, 166708, 166732, 166756, 166460, 166484, 166508]
8086d8084
< ROUTE_ROUTEDEFINITION, [166892, 166916, 166940, 166964, 166988, 166820, 166844, 166868]
8135d8132
< ROUTE_ROUTEDEFINITION, [167028, 167052, 167076]
8154d8150
< ROUTE_ROUTEDEFINITION, [167188, 167116, 167140, 167164]
8182c8178,8182
< ROUTE_ROUTEDEFINITION, [167300, 167324, 167348, 167372, 167396, 167452, 167476, 167508, 167532, 167564, 167588, 167612, 167636, 167660, 167692, 167716, 167740, 167764, 167788, 167812, 167836, 167860, 167884, 167244, 167268]
---
> ROUTE_ROUTEDEFINITION, []
> ROUTE_ROUTEDEFINITION, []
> ROUTE_ROUTEDEFINITION, []
> ROUTE_ROUTEDEFINITION, []
> ROUTE_ROUTEDEFINITION, []
8956c8956
< ROUTE_ROUTEDEFINITION, [170628, 170652, 170676, 170708, 170732, 170756, 170804, 170828, 170860, 170884, 170908, 170932, 170956, 170980, 171004, 171036, 171068, 171092, 171116, 171140, 171180, 171204, 171228, 171252, 171276, 171332, 171356, 171380, 171404, 171428, 171452, 171484, 171508, 171532, 171556, 171580, 171604, 171628, 171660, 171692, 171716, 171740, 171772, 171796, 171820, 171844, 171868, 171892, 171916, 171940, 171964, 171996, 172020, 172044, 172076, 172100, 172124, 172148, 172172, 172196, 172220, 172252, 172276, 172300, 172332, 172356, 172380, 172404, 172436, 172492, 172516, 172548, 172572, 172596, 172620, 172644, 172668, 170556, 170580, 170604]
---
> ROUTE_ROUTEDEFINITION, []
9733d9732
< ROUTE_ROUTEDEFINITION, [173972, 173996, 174020, 174044, 174068, 174092, 174124, 174148, 174172, 174196, 174220, 174252, 174276, 174300, 173900, 173924, 173948]
9835d9833
< ROUTE_ROUTEDEFINITION, [174420, 174444, 174468, 174492, 174516, 174556, 174580, 174612, 174636, 174660, 174684, 174716, 174740, 174764, 174788, 174812, 174836, 174860, 174884, 174908, 174940, 174964, 174988, 175012, 175036, 175060, 174340, 174364, 174388]
10012d10009
< ROUTE_ROUTEDEFINITION, [175172, 175196, 175220, 175244, 175268, 175300, 175324, 175348, 175372, 175404, 175428, 175452, 175476, 175532, 175556, 175580, 175604, 175628, 175652, 175676, 175708, 175732, 175756, 175780, 175804, 175828, 175852, 175876, 175900, 175932, 175956, 175988, 176012, 176060, 176108, 176132, 176156, 176180, 176212, 176236, 176260, 176284, 176308, 176332, 176356, 176380, 176412, 176436, 176460, 176484, 176508, 176532, 176580, 176604, 176636, 176660, 176684, 176708, 176732, 176764, 176788, 176812, 176836, 176860, 176884, 176908, 176932, 177012, 177036, 177060, 177084, 177116, 177140, 177164, 177188, 177212, 177236, 177260, 177284, 177308, 177340, 175100, 175124, 175148]
10171c10168,10171
< ROUTE_ROUTEDEFINITION, [17660, 17684, 17708, 17748, 17772, 17796, 17820, 17844, 17876, 17900, 17924, 17948, 17972, 17996, 18020, 18044, 18068, 18100, 18124, 18148, 18172, 18196, 18228, 18252, 18276, 18300, 18324, 18348, 18372, 18396, 18420, 18452, 18476, 18500, 18524, 18548, 18572, 18604, 18628, 18652, 18676, 18700, 18724, 18748, 18772, 17588, 17612, 17636]
---
> ROUTE_ROUTEDEFINITION, []
> ROUTE_ROUTEDEFINITION, []
> ROUTE_ROUTEDEFINITION, []
> ROUTE_ROUTEDEFINITION, []
10736d10735
< ROUTE_ROUTEDEFINITION, [178276, 178300, 178324, 178372, 178396, 178420, 178444, 178468, 178500, 178524, 178548, 178572, 178604, 178628, 178652, 178676, 178700, 178724, 178748, 178780, 178812, 178836, 178860, 178884, 178908, 178940, 178964, 178988, 179036, 179060, 179092, 179116, 179140, 179164, 179188, 179212, 179236, 179268, 179292, 179316, 179348, 179372, 179404, 179428, 179452, 179476, 179508, 179532, 179556, 179580, 179604, 179628, 179684, 179716, 179772, 179796, 179820, 179844, 178220, 178244]
11126c11125,11126
< ROUTE_ROUTEDEFINITION, [179956, 179980, 180004, 180028, 180052, 180076, 180116, 180164, 180188, 180220, 180244, 180268, 180292, 180316, 180340, 180364, 180388, 180420, 180452, 180476, 180500, 180524, 180548, 180572, 180604, 180628, 180652, 180676, 180700, 180724, 180756, 180780, 180804, 180828, 180852, 180876, 180908, 180932, 180980, 181004, 181028, 181060, 181084, 181108, 181132, 181156, 181180, 181204, 181228, 181284, 181308, 181332, 181356, 181388, 181412, 181436, 181460, 181492, 181524, 181548, 181596, 181620, 181644, 181676, 181700, 181724, 181748, 181772, 181796, 181820, 181844, 181876, 181900, 181924, 181948, 181972, 181996, 182020, 182044, 179884, 179908, 179932]
---
> ROUTE_ROUTEDEFINITION, []
> ROUTE_ROUTEDEFINITION, []
11824d11823
< ROUTE_ROUTEDEFINITION, [182964, 182988, 183012, 183036, 183060, 183084, 183108, 182884, 182908, 182932]
11886d11884
< ROUTE_ROUTEDEFINITION, [183212, 183236, 183260, 183292, 183316, 183340, 183372, 183396, 183428, 183452, 183476, 183500, 183540, 183564, 183588, 183612, 183636, 183668, 183156, 183180]
12015c12013,12015
< ROUTE_ROUTEDEFINITION, [183780, 183804, 183836, 183860, 183884, 183908, 183932, 183956, 183980, 184012, 184036, 184060, 184092, 184116, 184140, 184164, 184188, 184212, 184236, 184260, 184284, 184316, 184340, 184364, 184388, 184412, 184436, 184460, 184492, 184516, 184540, 184564, 184588, 184612, 184636, 184668, 184692, 184716, 184748, 184772, 184796, 184820, 184844, 184868, 184892, 184916, 184948, 184972, 184996, 185020, 185044, 185068, 185092, 183708, 183732, 183756]
---
> ROUTE_ROUTEDEFINITION, []
> ROUTE_ROUTEDEFINITION, []
> ROUTE_ROUTEDEFINITION, []
13034d13033
< ROUTE_ROUTEDEFINITION, [18892, 18916, 18940, 18964, 18988, 19020, 19044, 19068, 18820, 18844, 18868]
13131c13130,13131
< ROUTE_ROUTEDEFINITION, [188588, 188612, 188636, 188660, 188692, 188716, 188740, 188764, 188788, 188820, 188844, 188868, 188892, 188916, 188988, 189012, 189044, 189068, 189092, 189116, 189140, 189180, 189204, 189228, 189252, 189276, 189300, 189324, 189380, 189404, 189428, 189452, 189476, 189508, 189540, 189564, 189588, 189612, 189644, 189668, 189692, 189724, 189748, 189772, 189796, 189828, 189852, 189884, 189908, 189932, 189956, 189980, 190004, 190028, 190092, 190116, 190140, 190164, 190188, 190212, 190236, 190292, 190316, 190340, 190364, 190388, 190428, 190452, 190476, 188516, 188540, 188564]
---
> ROUTE_ROUTEDEFINITION, []
> ROUTE_ROUTEDEFINITION, []
13706c13706
< ROUTE_ROUTEDEFINITION, [19164, 19188, 19212, 19236, 19260, 19284, 19316, 19340, 19364, 19388, 19412, 19444, 19468, 19492, 19516, 19540, 19572, 19596, 19628, 19108, 19140]
---
> ROUTE_ROUTEDEFINITION, []
14887d14886
< ROUTE_ROUTEDEFINITION, [196132, 196156, 196180, 196204, 196228, 196260, 196284, 196308, 196340, 196364, 196396, 196420, 196444, 196468, 196492, 196516, 196540, 196596, 196620, 196644, 196668, 196700, 196724, 196748, 196772, 196796, 196820, 196852, 196884, 196908, 196940, 196972, 196996, 197020, 197044, 197068, 197092, 197116, 197172, 197196, 197228, 197252, 197276, 197300, 197332, 197356, 197404, 197428, 197460, 197484, 197508, 197532, 196060, 196084, 196108]
15009d15007
< ROUTE_ROUTEDEFINITION, [19740, 19764, 19796, 19820, 19844, 19868, 19892, 19916, 19940, 19964, 19988, 20020, 20044, 20068, 20092, 20116, 20140, 20164, 20196, 20220, 20244, 20276, 20308, 20332, 20356, 20380, 20404, 20428, 20452, 20476, 20508, 20532, 20556, 20580, 20612, 20636, 20660, 20684, 20708, 20740, 20764, 20788, 20828, 20876, 20900, 20924, 20948, 20972, 20996, 21020, 21052, 21076, 21100, 21124, 21148, 21172, 21212, 21236, 21260, 21284, 21308, 21332, 21356, 21388, 21412, 21436, 19668, 19692, 19716]
15247d15244
< ROUTE_ROUTEDEFINITION, [197668, 197716, 197740, 197764, 197796, 197828, 197860, 197884, 197908, 197932, 197956, 197980, 198012, 198036, 198060, 198084, 198108, 198132, 198156, 198180, 198204, 198236, 198284, 198308, 198332, 198364, 198388, 198412, 198436, 198460, 198484, 198508, 198540, 198564, 198588, 198612, 198636, 198660, 198684, 198708, 198740, 198764, 198788, 198812, 198844, 198868, 198892, 198916, 198940, 198964, 198988, 199012, 199044, 199068, 199124, 199148, 199172, 199196, 199220, 199244, 199276, 199300, 199324, 199348, 199372, 199396, 199428, 199476, 199508, 199532, 199556, 199580, 199604, 199644, 199668, 199692, 199716, 199740, 199772, 199796, 197596, 197620, 197644]
15772c15769,15772
< ROUTE_ROUTEDEFINITION, [199924, 199948, 199972, 199996, 240020, 199852, 199876, 199900]
---
> ROUTE_ROUTEDEFINITION, []
> ROUTE_ROUTEDEFINITION, []
> ROUTE_ROUTEDEFINITION, []
> ROUTE_ROUTEDEFINITION, []
16283d16282
< ROUTE_ROUTEDEFINITION, [202112, 202136, 202160, 202192, 202216, 202240, 202264, 202288, 202312, 202344, 202368, 202048]
16367c16366,16367
< ROUTE_ROUTEDEFINITION, [202464, 202488, 202512, 202544, 202568, 202592, 202616, 202648, 202672, 202696, 202720, 202744, 202768, 202792, 202824, 202904, 202928, 202952, 202976, 203000, 203024, 203056, 203080, 203104, 203128, 203152, 203176, 203208, 203232, 203256, 203280, 203328, 203352, 203376, 203400, 203432, 203456, 203480, 203504, 203528, 203552, 203576, 203600, 203624, 203656, 203680, 203704, 203728, 203752, 203776, 202408, 202440]
---
> ROUTE_ROUTEDEFINITION, []
> ROUTE_ROUTEDEFINITION, []
17053c17053
< ROUTE_ROUTEDEFINITION, [205416, 205448, 205480, 205504, 205528, 205552, 205576, 205600, 205624, 205344, 205368]
---
> ROUTE_ROUTEDEFINITION, []
17444d17443
< ROUTE_ROUTEDEFINITION, [207104, 207152, 207176, 207200, 207224, 207256, 207280, 207304, 207328, 207352, 207384, 207408, 207432, 207464, 207488, 207520, 207544, 207568, 207600, 207624, 207648, 207680, 207704, 207728, 207752, 207776, 207800, 207824, 207848, 207872, 207904, 207928, 207952, 207976, 208000, 208024, 208048, 208072, 208096, 208128, 208152, 208176, 208200, 208224, 208248, 208272, 208296, 208320, 208352, 208400, 208424, 208456, 208480, 208504, 208528, 208576, 208600, 208624, 208648, 208680, 208712, 208736, 208760, 208784, 208808, 208832, 208856, 207032, 207056, 207080]
17877d17875
< ROUTE_ROUTEDEFINITION, [208968, 209008, 209032, 209056, 209080, 209104, 209128, 209152, 209184, 209208, 209232, 209256, 209288, 209312, 209336, 209360, 209384, 209408, 209432, 209464, 209488, 209512, 209536, 209560, 209584, 209608, 209632, 209656, 209688, 209712, 209736, 209760, 209784, 209808, 209832, 209864, 209888, 209920, 209944, 209968, 209992, 210016, 210040, 210064, 210096, 210120, 210144, 210192, 210216, 210248, 210272, 210296, 210320, 210344, 210368, 210392, 210424, 210448, 210496, 210544, 210568, 210592, 208896, 208920, 208944]
18290d18287
< ROUTE_ROUTEDEFINITION, [210728, 210752, 210784, 210808, 210832, 210856, 210880, 210904, 210928, 210952, 210984, 211008, 211032, 211056, 211080, 211104, 211128, 211152, 211176, 211224, 211248, 211272, 211296, 211320, 211344, 211368, 211400, 211424, 211456, 211480, 211504, 211528, 211552, 211584, 211608, 211632, 211656, 211680, 211712, 211736, 211760, 211784, 211808, 211832, 211856, 211880, 211904, 211936, 211960, 211984, 210656, 210680, 210704]
18607c18604,18607
< ROUTE_ROUTEDEFINITION, [212104, 212128, 212152, 212176, 212200, 212232, 212256, 212280, 212304, 212328, 212360, 212384, 212408, 212432, 212456, 212488, 212512, 212544, 212568, 212592, 212616, 212640, 212664, 212696, 212728, 212752, 212776, 212808, 212832, 212856, 212888, 212912, 212936, 212960, 212984, 213008, 213032, 213056, 213088, 213112, 213136, 213160, 213184, 213208, 213232, 213264, 213288, 213312, 213336, 213360, 213392, 213424, 213448, 213472, 213496, 213520, 213544, 213568, 213600, 213624, 213648, 213672, 213696, 213720, 213752, 213776, 213800, 213824, 213848, 213880, 213904, 213928, 213952, 213976, 214024, 214048, 214072, 212024, 212048, 212072]
---
> ROUTE_ROUTEDEFINITION, []
> ROUTE_ROUTEDEFINITION, []
> ROUTE_ROUTEDEFINITION, []
> ROUTE_ROUTEDEFINITION, []
19401c19401
< ROUTE_ROUTEDEFINITION, [215480, 215504, 215528, 215552, 215576, 215600, 215624, 215656, 215680, 215728, 215752, 215776, 215808, 215832, 215856, 215880, 215904, 215928, 215960, 215984, 216008, 216032, 216064, 216088, 216112, 216136, 216160, 216184, 216208, 216264, 216312, 216336, 216360, 216392, 216416, 216440, 216464, 216488, 216512, 216536, 216560, 216592, 216616, 216640, 216664, 216688, 216720, 216744, 216768, 216792, 216816, 216840, 216872, 216896, 216920, 216968, 216992, 215432, 215456]
---
> ROUTE_ROUTEDEFINITION, []
20249d20248
< ROUTE_ROUTEDEFINITION, [219152, 219176, 219200, 219224, 219248, 219272, 219304, 219328, 219352, 219376, 219400, 219424, 219448, 219072, 219096, 219120]
20345d20343
< ROUTE_ROUTEDEFINITION, [219544, 219568, 219592, 219488, 219520]
20379c20377,20379
< ROUTE_ROUTEDEFINITION, [219704, 219728, 219752, 219776, 219800, 219832, 219880, 219904, 219928, 219952, 219976, 220000, 220024, 220056, 220080, 220104, 220128, 220152, 220176, 220200, 220232, 220256, 220288, 220312, 220336, 220360, 220384, 220408, 220432, 220456, 220480, 220512, 220536, 220568, 220592, 220616, 220640, 220664, 220688, 220712, 220768, 219632, 219656, 219680]
---
> ROUTE_ROUTEDEFINITION, []
> ROUTE_ROUTEDEFINITION, []
> ROUTE_ROUTEDEFINITION, []
21155,21156c21155,21156
< ROUTE_ROUTEDEFINITION, [223048, 223072, 223096, 223120, 223144, 223168, 223200, 223224, 223248, 223272, 223304, 223328, 223352, 223376, 223400, 223424, 223448, 223472, 223504, 223552, 223576, 223600, 223624, 223648, 223680, 223704, 223728, 223752, 223776, 223800, 223824, 223848, 223872, 223904, 223952, 223976, 224000, 224024, 224048, 224072, 224096, 224128, 224160, 224192, 224216, 224240, 224264, 224296, 224320, 224344, 224368, 224392, 224424, 224456, 224480, 224512, 224536, 224560, 224584, 224608, 224632, 223000, 223024]
< ROUTE_ROUTEDEFINITION, [22380, 22404, 22428, 22452, 22476, 22508, 22308, 22332, 22356]
---
> ROUTE_ROUTEDEFINITION, []
> ROUTE_ROUTEDEFINITION, []
21717d21716
< ROUTE_ROUTEDEFINITION, [22628, 22652, 22676, 22716, 22740, 22764, 22788, 22812, 22836, 22860, 22892, 22916, 22940, 22972, 23004, 23028, 23052, 23076, 23100, 23124, 23148, 23172, 23196, 23228, 23252, 23276, 23300, 23324, 23348, 23380, 23404, 23428, 23452, 23476, 23500, 23556, 23580, 23604, 23628, 23652, 23684, 23716, 23740, 23764, 23788, 23820, 23844, 23868, 23892, 23916, 23940, 23964, 23988, 24020, 24044, 24068, 24092, 24116, 24172, 24196, 24220, 24244, 24268, 24292, 24316, 24340, 24372, 24396, 24420, 24444, 24476, 24516, 24540, 24564, 22548, 22572, 22596]
21745c21744,21745
< ROUTE_ROUTEDEFINITION, [225584, 225608, 225632, 225656, 225680, 225720, 225744, 225768, 225792, 225816, 225848, 225872, 225896, 225920, 225944, 225968, 226024, 226048, 226072, 226096, 226144, 226184, 226208, 226232, 226256, 226280, 226304, 226328, 226360, 226392, 226416, 226440, 226464, 226488, 226520, 226544, 226568, 226624, 226648, 226672, 226696, 226720, 226752, 226776, 226800, 226856, 226880, 226904, 226928, 226960, 226984, 227008, 227032, 227056, 227080, 227104, 227128, 227152, 227184, 227208, 227232, 227264, 227288, 227312, 227336, 227360, 227384, 227440, 227472, 227504, 227528, 227552, 227576, 225512, 225560]
---
> ROUTE_ROUTEDEFINITION, []
> ROUTE_ROUTEDEFINITION, []
22687d22686
< ROUTE_ROUTEDEFINITION, [229616, 229640, 229672, 229696, 229720, 229744, 229768, 229792, 229816, 229840, 229864, 229896, 229920, 229944, 229968, 229992, 230016, 230056, 230080, 230104, 230128, 230152, 230184, 230208, 230232, 230256, 230280, 230304, 230352, 230376, 230408, 230432, 230456, 230480, 230504, 230528, 230552, 230584, 230608, 230632, 230664, 230688, 230736, 230760, 230784, 230816, 230840, 230888, 229568, 229592]
23009d23007
< ROUTE_ROUTEDEFINITION, [231000, 231024, 231072, 231128, 231152, 231176, 231200, 231224, 231248, 231280, 231304, 231328, 231352, 231376, 231400, 231424, 231456, 231480, 231504, 231528, 231552, 231576, 231600, 231624, 231648, 231680, 231704, 231752, 231776, 231800, 231824, 231848, 231872, 231904, 231928, 231952, 231976, 232000, 232024, 232048, 232072, 232096, 232128, 232160, 232184, 232208, 232232, 232256, 232280, 232312, 232336, 232360, 232408, 232440, 230928, 230952, 230976]
23371c23369,23371
< ROUTE_ROUTEDEFINITION, [232536, 232560, 232584, 232608, 232640, 232664, 232688, 232720, 232744, 232768, 232792, 232816, 232840, 232864, 232888, 232912, 232944, 232968, 232992, 233016, 233040, 233064, 233088, 233120, 233144, 232480, 232504]
---
> ROUTE_ROUTEDEFINITION, []
> ROUTE_ROUTEDEFINITION, []
> ROUTE_ROUTEDEFINITION, []
23584d23583
< ROUTE_ROUTEDEFINITION, [233464, 233488, 233512, 233536, 233560, 233592, 233640, 233664, 233688, 233712, 233736, 233392, 233416, 233440]
23673d23671
< ROUTE_ROUTEDEFINITION, [233856, 233888, 233912, 233936, 233960, 233984, 234016, 234040, 234064, 234088, 234112, 234144, 234168, 234200, 234224, 234256, 234280, 234304, 234328, 234360, 234384, 234408, 234432, 234456, 234480, 234504, 234528, 234552, 234584, 234608, 234664, 234696, 234752, 234776, 234800, 234824, 234856, 234880, 234904, 234928, 234952, 234976, 235000, 235024, 235080, 235104, 235128, 235152, 235200, 235248, 235280, 235304, 235328, 235352, 235376, 235400, 235432, 233776, 233800, 233824]
24071c24069,24071
< ROUTE_ROUTEDEFINITION, [235544, 235576, 235600, 235624, 235648, 235672, 235696, 235720, 235752, 235776, 235800, 235824, 235848, 235872, 235896, 235920, 235944, 235976, 236000, 236024, 236048, 236096, 236120, 236152, 236176, 236200, 236224, 236256, 236280, 236312, 236336, 236360, 236384, 236408, 236432, 236456, 236480, 236504, 235472, 235496, 235520]
---
> ROUTE_ROUTEDEFINITION, []
> ROUTE_ROUTEDEFINITION, []
> ROUTE_ROUTEDEFINITION, []
25007c25007
< ROUTE_ROUTEDEFINITION, [239568, 239592, 239616, 239640, 239672, 239696, 239720, 280016, 280040, 280064, 280088, 280112, 280144, 280168, 280200, 239744, 239768, 239792, 239816, 239840, 239872, 239896, 239920, 239944, 239968, 239496, 239520]
---
> ROUTE_ROUTEDEFINITION, []
25295d25294
< ROUTE_ROUTEDEFINITION, [240804, 240828, 240860, 240884, 240908, 240932, 240956, 240980, 241004, 241028, 241052, 241084, 241108, 241132, 241156, 241180, 241204, 241228, 241260, 241284, 241308, 241332, 241356, 241404, 241428, 241452, 241484, 241508, 241532, 241564, 241596, 241628, 241652, 241676, 241700, 241732, 241756, 241780, 241812, 241836, 241868, 241892, 241916, 241948, 241972, 241996, 242020, 242044, 242068, 242092, 242116, 242148, 242172, 242196, 242228, 242252, 242276, 242300, 242332, 242356, 242380, 242404, 242428, 242460, 242484, 242516, 242540, 242564, 242588, 242612, 242636, 242692, 242716, 242740, 242764, 242788, 242812, 242836, 242860, 242916, 242940, 242964, 242988, 243012, 240732, 240756, 240780]
25845d25843
< ROUTE_ROUTEDEFINITION, [243148, 243172, 243196, 243220, 243244, 243268, 243300, 243324, 243348, 243372, 243396, 243436, 243468, 243492, 243516, 243540, 243564, 243588, 243612, 243644, 243076, 243100, 243124]
25986c25984,25986
< ROUTE_ROUTEDEFINITION, [243740, 243772, 243796, 243820, 243844, 243868, 243892, 243916, 243940, 243972, 243996, 244020, 244044, 244068, 244100, 244132, 244156, 244188, 244212, 244236, 244260, 244284, 244308, 244332, 244364, 244388, 244412, 244436, 244460, 244484, 244508, 244532, 244556, 244588, 244612, 244636, 244668, 244692, 244716, 244740, 244764, 244788, 244812, 244844, 244868, 244892, 244916, 244940, 244964, 244988, 245012, 245052, 245076, 245124, 245156, 245204, 243716]
---
> ROUTE_ROUTEDEFINITION, []
> ROUTE_ROUTEDEFINITION, []
> ROUTE_ROUTEDEFINITION, []
26429d26428
< ROUTE_ROUTEDEFINITION, [245652, 245676, 245708, 245732, 245756, 245780, 245812, 245836, 245860, 245884, 245908, 245932, 245956, 245988, 246012, 246036, 246092, 246132, 246156, 246180, 246204, 246236, 246260, 246284, 246308, 246332, 246364, 246388, 246412, 246436, 246460, 246484, 246508, 246532, 246564, 246588, 246612, 246636, 246668, 246692, 246716, 246740, 246764, 246788, 246812, 246836, 246868, 246892, 246916, 246940, 245596, 245620]
26510d26508
< ROUTE_ROUTEDEFINITION, [24660, 24684, 24708, 24732, 24756, 24780, 24804, 24836, 24860, 24884, 24908, 24932, 24988, 25012, 25036, 25060, 25108, 25132, 25156, 25180, 25212, 25236, 25260, 25284, 25308, 25332, 25356, 25388, 25428, 25452, 25476, 25508, 25532, 25556, 25580, 25604, 25628, 25652, 25676, 25708, 25732, 25756, 25788, 24604, 24628]
26752d26749
< ROUTE_ROUTEDEFINITION, [247052, 247076, 247100, 247132, 247164, 247188, 247212, 247244, 247292, 247316, 247340, 247364, 247388, 247412, 246980, 247004, 247028]
26862d26858
< ROUTE_ROUTEDEFINITION, [247532, 247556, 247580, 247604, 247628, 247660, 247684, 247708, 247756, 247780, 247804, 247836, 247924, 247948, 247972, 247996, 248020, 248044, 248068, 248092, 248116, 247452, 247476, 247500]
27025c27021,27025
< ROUTE_ROUTEDEFINITION, [248236, 248260, 248284, 248324, 248348, 248372, 248396, 248420, 248452, 248476, 248524, 248548, 248588, 248612, 248636, 248660, 248684, 248708, 248740, 248764, 248788, 248812, 248836, 248860, 248884, 248908, 248932, 248964, 248988, 249012, 249036, 249060, 249084, 249108, 249140, 249164, 249188, 249212, 249236, 249260, 249284, 249316, 249340, 249364, 249404, 249428, 249452, 249476, 249500, 249524, 249548, 249572, 249604, 249628, 249652, 249676, 249700, 249732, 249756, 249780, 249804, 249828, 249852, 248156, 248188]
---
> ROUTE_ROUTEDEFINITION, []
> ROUTE_ROUTEDEFINITION, []
> ROUTE_ROUTEDEFINITION, []
> ROUTE_ROUTEDEFINITION, []
> ROUTE_ROUTEDEFINITION, []
27838c27838
< ROUTE_ROUTEDEFINITION, [251724, 251748, 251772, 251796, 251820, 251852, 251876, 251900, 251924, 251948, 251972, 251996, 252044, 252076, 252100, 252124, 252148, 252172, 252196, 252220, 252244, 252268, 252300, 252324, 252348, 252372, 252396, 252428, 252452, 252476, 252516, 252540, 252564, 252588, 252612, 252660, 252684, 252708, 252740, 252764, 252788, 252812, 252836, 252860, 252892, 252916, 252940, 252964, 252988, 253012, 253036, 253060, 253084, 253132, 253156, 253180, 253204, 253244, 253268, 253300, 253324, 253348, 253372, 253396, 253420, 253444, 253476, 253500, 253524, 253548, 253572, 253596, 253620, 253676, 253700, 253724, 253748, 253772, 253796, 253820, 253852, 253876, 253900, 253924, 253948, 253972, 253996, 254020, 254044, 254076, 254100, 254124, 254172, 254196, 254220, 251652, 251676, 251700]
---
> ROUTE_ROUTEDEFINITION, []
28600d28599
< ROUTE_ROUTEDEFINITION, [255004, 255028, 255052, 255076, 255108, 255132, 255164, 255188, 255212, 255236, 255268, 255292, 255316, 255340, 255372, 255396, 255420, 255444, 255468, 255492, 255516, 255540, 255572, 255604, 255628, 255652, 255684, 255708, 255740, 255764, 255804, 255828, 255852, 255876, 255900, 255924, 255948, 255972, 255996, 256028, 256060, 256084, 256108, 256132, 256180, 256204, 256228, 256252, 256284, 256308, 256332, 256356, 256380, 256404, 256444, 256468, 256492, 256516, 256540, 256564, 256588, 256612, 256644, 256668, 256692, 254932, 254956, 254980]
29020d29018
< ROUTE_ROUTEDEFINITION, [256804, 256836, 256860, 256884, 256908, 256932, 256956, 256988, 257012, 257036, 257060, 257084, 257108, 257132, 257156, 257188, 257212, 257236, 256732, 256756, 256780]
29148c29146,29148
< ROUTE_ROUTEDEFINITION, [257348, 257380, 257404, 257428, 257452, 257476, 257508, 257532, 257564, 257588, 257612, 257636, 257668, 257700, 257276, 257300, 257324]
---
> ROUTE_ROUTEDEFINITION, []
> ROUTE_ROUTEDEFINITION, []
> ROUTE_ROUTEDEFINITION, []
29360c29360
< ROUTE_ROUTEDEFINITION, [25900, 25924, 25948, 25972, 25996, 26020, 26052, 26076, 26108, 26180, 26204, 26228, 26252, 26276, 26308, 26332, 26356, 26388, 26412, 26436, 26460, 26484, 26508, 26540, 26564, 26588, 26612, 26636, 26660, 26684, 26708, 26732, 26764, 26788, 26812, 26836, 26868, 26892, 26916, 26940, 26988, 27012, 27036, 27068, 27092, 27116, 27140, 27164, 27188, 27220, 27244, 27292, 27316, 27348, 27372, 27404, 27428, 27452, 27484, 27508, 27540, 27564, 27588, 27636, 27660, 27692, 27724, 27748, 27772, 27796, 27820, 27844, 27868, 27900, 27924, 27948, 27980, 28004, 28028, 28052, 28076, 28100, 28124, 28148, 28172, 28204, 28228, 28252, 28276, 28300, 28324, 28348, 25828, 25852, 25876]
---
> ROUTE_ROUTEDEFINITION, []
33713d33712
< ROUTE_ROUTEDEFINITION, [293944, 293968, 293992, 294016, 294048, 294072, 294096, 294120, 294144, 294192, 294216, 294240, 294272, 294296, 294320, 294344, 294368, 294400, 294424, 294456, 294488, 294512, 294560, 294584, 294616, 294640, 294664, 294688, 294728, 294752, 294776, 294800, 294824, 294848, 294872, 294896, 294936, 294960, 294984, 295016, 295064, 295088, 295112, 295144, 295176, 295200, 295224, 295248, 295272, 295296, 295320, 293872, 293896, 293920]
34060c34059,34060
< ROUTE_ROUTEDEFINITION, [295432, 295464, 295488, 295512, 295536, 295360, 295384, 295408]
---
> ROUTE_ROUTEDEFINITION, []
> ROUTE_ROUTEDEFINITION, []
34687d34686
< ROUTE_ROUTEDEFINITION, [298120, 298144, 298176, 298200, 298232, 298256, 298304, 298352, 298376, 298400, 298432, 298464, 298488, 298512, 298536, 298584, 298616, 298640, 298664, 298696, 298720, 298744, 298768, 298792, 298816, 298864, 298888, 298928, 298960, 298984, 299032, 299056, 299080, 299104, 299136, 299160, 299184, 299208, 299232, 299256, 299288, 299312, 299336, 299360, 299384, 299408, 299432, 299456, 299480, 299520, 299544, 299568, 299592, 299616, 299648, 299672, 299704, 298048, 298072, 298096]
34795c34794,34795
< ROUTE_ROUTEDEFINITION, [3068, 3092, 3116, 3140, 3164, 3188, 3220, 3244, 3268, 3292, 3316, 3348, 3372, 3396, 3420, 3444, 3476, 3500, 3524, 3548, 3572, 3596, 3620, 3644, 2996, 3020, 3044]
---
> ROUTE_ROUTEDEFINITION, []
> ROUTE_ROUTEDEFINITION, []
36137d36136
< ROUTE_ROUTEDEFINITION, [320996, 321028, 321052, 321076, 321100, 321124, 321148, 321172, 321204, 321228, 321252, 321284, 321308, 321332, 321356, 321380, 321404, 321428, 321452, 321476, 321508, 321532, 321556, 321580, 321604, 321628, 321652, 321676, 321708, 321732, 321756, 321788, 321820, 321844, 321868, 321900, 321932, 321956, 321980, 322004, 322036, 322060, 322084, 322108, 322132, 322172, 322196, 322220, 322244, 322276, 322300, 322324, 322348, 322372, 322396, 322420, 322452, 322476, 322500, 322524, 322572, 322596, 322620, 322644, 322676, 322700, 322732, 322756, 322780, 322804, 322828, 322860, 322884, 322908, 322932, 322956, 322980, 320948, 320972]
36626d36624
< ROUTE_ROUTEDEFINITION, [323092, 323116, 323148, 323180, 323204, 323228, 323252, 323276, 323020, 323044]
36696c36694,36696
< ROUTE_ROUTEDEFINITION, [323388, 323412, 323436, 323460, 323484, 323516, 323540, 323564, 323588, 323628, 323652, 323676, 323700, 323724, 323748, 323788, 323812, 323836, 323868, 323892, 323916, 323940, 323972, 323996, 324020, 324044, 324068, 324100, 324124, 324148, 324172, 324204, 324228, 324252, 324276, 324300, 324324, 324348, 324372, 324404, 324428, 324452, 324476, 324516, 324540, 324564, 324588, 324612, 324636, 324660, 324716, 324740, 324764, 324788, 324812, 324852, 324884, 324908, 324932, 324956, 324988, 325012, 325044, 325068, 325092, 325116, 325140, 325164, 323316, 323340, 323364]
---
> ROUTE_ROUTEDEFINITION, []
> ROUTE_ROUTEDEFINITION, []
> ROUTE_ROUTEDEFINITION, []
37540c37540
< ROUTE_ROUTEDEFINITION, [327004, 327028, 327052, 327108, 327132, 327156, 327204, 327228, 327252, 327276, 327308, 327332, 327364, 327396, 327420, 327468, 327500, 327524, 327548, 327580, 327604, 327628, 327652, 327676, 327700, 327724, 327756, 327780, 327804, 327828, 327852, 327876, 327932, 327956, 327980, 328004, 328028, 328052, 328076, 328108, 328132, 328156, 328180, 328204, 328228, 328260, 328284, 328308, 328340, 328364, 328388, 328412, 328444, 328468, 328492, 328516, 328540, 328564, 328596, 328620, 328644, 328668, 328692, 328716, 328740, 328764, 326956, 326980]
---
> ROUTE_ROUTEDEFINITION, []
38531d38530
< ROUTE_ROUTEDEFINITION, [331268, 331292, 331316, 331340, 331364, 331388, 331420, 331444, 331468, 331492, 331516, 331540, 331564, 331588, 331620, 331644, 331668, 331692, 331716, 331740, 331764, 331788, 331820, 331844, 331868, 331892, 331916, 331940, 331964, 331988, 332020, 332044, 332068, 332092, 332116, 331196, 331244]
38754c38753,38754
< ROUTE_ROUTEDEFINITION, [332228, 332252, 332276, 332300, 332324, 332356, 332380, 332404, 332428, 332452, 332484, 332508, 332532, 332556, 332588, 332612, 332660, 332700, 332732, 332756, 332780, 332828, 332852, 332884, 332916, 332940, 332988, 333012, 333036, 333060, 332156, 332180, 332204]
---
> ROUTE_ROUTEDEFINITION, []
> ROUTE_ROUTEDEFINITION, []
39445c39445
< ROUTE_ROUTEDEFINITION, [335180, 335204, 335228, 335252, 335284, 335308, 335332, 335356, 335380, 335404, 335428, 335452, 335476, 335508, 335532, 335556, 335580, 335604, 335628, 335652, 335684, 335708, 335732, 335764, 335788, 335812, 335836, 335860, 335884, 335908, 335940, 335964, 335988, 336036, 336060, 336084, 336108, 336140, 336180, 336204, 336228, 336252, 336284, 336308, 336332, 336356, 336388, 336412, 336436, 336460, 336484, 336508, 336540, 336564, 336588, 336612, 336636, 336668, 335132, 335156]
---
> ROUTE_ROUTEDEFINITION, []
40540d40539
< ROUTE_ROUTEDEFINITION, [339900, 339924, 339948, 339972, 339996, 339828, 339852, 339876]
40587d40585
< ROUTE_ROUTEDEFINITION, [340092, 340116, 340140, 340164, 340188, 340212, 340236, 340268, 340292, 340316, 340340, 340364, 340388, 340412, 340436, 340460, 340492, 340516, 340548, 340572, 340604, 340628, 340652, 340676, 340700, 340732, 340756, 340780, 340804, 340828, 340852, 340044]
40785d40782
< ROUTE_ROUTEDEFINITION, [340948, 340972, 341020, 341044, 341068, 341092, 341116, 341156, 341180, 341212, 341236, 341260, 341284, 341332, 341356, 341380, 341404, 341428, 341460, 341492, 341516, 341564, 341588, 341612, 341636, 341668, 341692, 341716, 341740, 341772, 341796, 341820, 341844, 341868, 341892, 341916, 341940, 341972, 341996, 342020, 342044, 342068, 342092, 342124, 342148, 342172, 342196, 342220, 342252, 342276, 342300, 342324, 342348, 342380, 342404, 342428, 342452, 342476, 342500, 342524, 342548, 342572, 342604, 342628, 342652, 342684, 342708, 342732, 342756, 342780, 342804, 342860, 342884, 342908, 342932, 342956, 342980, 343004, 340892, 340924]
41287d41283
< ROUTE_ROUTEDEFINITION, [343116, 343140, 343164, 343220, 343244, 343268, 343308, 343372, 343396, 343420, 343444, 343468, 343492, 343516, 343540, 343572, 343596, 343620, 343644, 343668, 343692, 343716, 343740, 343772, 343796, 343820, 343844, 343868, 343900, 343924, 343948, 343972, 343044, 343068, 343092]
41511d41506
< ROUTE_ROUTEDEFINITION, [344092, 344116, 344140, 344164, 344196, 344220, 344244, 344268, 344300, 344324, 344348, 344372, 344404, 344428, 344452, 344476, 344500, 344524, 344548, 344572, 344604, 344628, 344652, 344676, 344700, 344724, 344748, 344772, 344812, 344836, 344860, 344884, 344908, 344940, 344964, 344988, 345012, 345036, 344036, 344060]
41760c41755,41760
< ROUTE_ROUTEDEFINITION, [345132, 345156, 345180, 345204, 345228, 345252, 345276, 345308, 345332, 345364, 345396, 345420, 345444, 345468, 345492, 345516, 345548, 345572, 345596, 345628, 345652, 345676, 345700, 345724, 345748, 345772, 345796, 345828, 345852, 345876, 345900, 345932, 345964, 345988, 346012, 346044, 346076, 346100, 346132, 346156, 346180, 346204, 346236, 346260, 346284, 346308, 346340, 346364, 346388, 345076, 345100]
---
> ROUTE_ROUTEDEFINITION, []
> ROUTE_ROUTEDEFINITION, []
> ROUTE_ROUTEDEFINITION, []
> ROUTE_ROUTEDEFINITION, []
> ROUTE_ROUTEDEFINITION, []
> ROUTE_ROUTEDEFINITION, []
42428d42427
< ROUTE_ROUTEDEFINITION, [348012, 348036, 348060, 348084, 348108, 347940, 347964, 347988]
42477d42475
< ROUTE_ROUTEDEFINITION, [348220, 348244, 348268, 348300, 348332, 348356, 348380, 348404, 348428, 348452, 348476, 348500, 348532, 348556, 348580, 348628, 348652, 348684, 348716, 348740, 348764, 348788, 348812, 348836, 348860, 348892, 348916, 348940, 348964, 348148, 348172, 348196]
42676c42674,42676
< ROUTE_ROUTEDEFINITION, [349084, 349108, 349132, 349156, 349188, 349212, 349244, 349268, 349300, 349324, 349348, 349372, 349396, 349428, 349452, 349476, 349500, 349524, 349548, 349596, 349628, 349652, 349676, 349700, 349732, 349756, 349780, 349804, 349828, 349860, 349884, 349908, 349932, 349956, 349980, 350012, 350036, 350060, 350084, 350108, 350132, 350180, 350204, 350236, 350260, 350284, 350308, 350332, 350356, 350380, 350404, 350428, 350460, 350484, 350508, 350532, 350564, 350588, 350612, 350636, 350660, 350684, 350716, 350740, 350764, 350788, 350812, 350836, 350860, 350884, 350916, 350972, 351004, 351028, 351052, 351076, 351124, 351156, 351188, 351212, 351236, 351260, 351284, 349004, 349028, 349052]
---
> ROUTE_ROUTEDEFINITION, []
> ROUTE_ROUTEDEFINITION, []
> ROUTE_ROUTEDEFINITION, []
43627c43627
< ROUTE_ROUTEDEFINITION, [353180, 353204, 353228, 353252, 353276, 353308, 353332, 353380, 353428, 353452, 353484, 353508, 353532, 353556, 353580, 353612, 353644, 353676, 353708, 353732, 353756, 353780, 353804, 353836, 353860, 353884, 353908, 353932, 353972, 354004, 354028, 354060, 354092, 354116, 353068, 353092]
---
> ROUTE_ROUTEDEFINITION, []
44695d44694
< ROUTE_ROUTEDEFINITION, [357732, 357756, 357788, 357812, 357836, 357860, 357884, 357908, 357932, 357964, 357988, 358012, 358036, 358060, 358084, 358108, 358140, 358164, 358188, 358212, 358244, 358268, 358300, 358324, 358348, 358372, 358396, 358428, 358452, 358484, 358508, 358532, 358556, 358604, 358644, 358668, 358692, 358716, 358740, 358764, 358788, 358812, 358836, 358868, 358892, 358916, 358940, 358964, 358988, 359012, 359044, 359068, 359092, 359116, 359140, 359164, 359188, 359212, 359236, 359268, 359292, 359316, 359340, 359364, 359388, 359412, 359444, 359476, 359500, 359532, 359556, 359604, 359628, 357660, 357708]
44798d44796
< ROUTE_ROUTEDEFINITION, [35892, 35932, 35956, 35980, 36004, 36028, 36052, 36076, 35820, 35844, 35868]
45167c45165,45167
< ROUTE_ROUTEDEFINITION, [359772, 359820, 359844, 359868, 359900, 359924, 400020, 400044, 400068, 400092, 400132, 400156, 400188, 400212, 400236, 400260, 400284, 400308, 400332, 400356, 359948, 359972, 359996, 359700, 359724, 359748]
---
> ROUTE_ROUTEDEFINITION, []
> ROUTE_ROUTEDEFINITION, []
> ROUTE_ROUTEDEFINITION, []
45485d45484
< ROUTE_ROUTEDEFINITION, [36188, 36212, 36236, 36268, 36292, 36316, 36340, 36364, 36388, 36412, 36444, 36468, 36492, 36516, 36540, 36564, 36588, 36636, 36668, 36692, 36716, 36740, 36764, 36796, 36820, 36844, 36868, 36892, 36916, 36940, 36964, 36996, 37020, 37076, 37100, 37148, 37172, 37196, 37220, 37252, 37276, 37300, 37332, 37356, 37380, 37404, 37428, 37452, 37476, 37500, 37532, 37564, 37588, 37612, 37636, 37660, 37684, 37708, 37740, 37764, 37796, 37820, 37844, 37876, 37900, 37924, 37948, 37972, 37996, 38028, 38052, 36116, 36140, 36164]
45810d45808
< ROUTE_ROUTEDEFINITION, [362532, 362556, 362580, 362604, 362628, 362652, 362684, 362716, 362740, 362764, 362796, 362820, 362844, 362868, 362916, 362940, 362964, 362996, 363028, 363052, 363084, 363108, 363132, 363156, 363180, 363212, 363236, 363260, 363284, 363316, 363372, 363396, 363420, 363444, 363468, 363492, 363540, 363572, 363596, 362460, 362484, 362508]
46087c46085,46087
< ROUTE_ROUTEDEFINITION, [363708, 363732, 363756, 363780, 363804, 363828, 363860, 363892, 363948, 363972, 364004, 364036, 364092, 364124, 364172, 364196, 364220, 364244, 364300, 364324, 364348, 364372, 364396, 364428, 364452, 364476, 364500, 364524, 364548, 364572, 364596, 364628, 364652, 364676, 364700, 364724, 364764, 364788, 364812, 364836, 364884, 364908, 364932, 364956, 363636, 363660, 363684]
---
> ROUTE_ROUTEDEFINITION, []
> ROUTE_ROUTEDEFINITION, []
> ROUTE_ROUTEDEFINITION, []
46945d46944
< ROUTE_ROUTEDEFINITION, [3756, 3780, 3804, 3836, 3860, 3884, 3916, 3964, 3996, 4020, 4044, 4068, 4092, 4116, 4148, 4172, 4196, 4220, 4244, 4268, 4300, 4324, 4356, 4380, 4404, 4428, 4452, 4476, 4532, 4556, 4580, 4604, 4628, 4652, 4676, 4700, 4724, 3684, 3708, 3732]
47006c47005,47006
< ROUTE_ROUTEDEFINITION, [367644, 367668, 367692, 367716, 367748, 367804, 367828, 367852, 367876, 367900, 367924, 367948, 367980, 368004, 368060, 368084, 368108, 368132, 368156, 368180, 368204, 368236, 368260, 368284, 368308, 368340, 368364, 368388, 368412, 368436, 368460, 368492, 368516, 368548, 368572, 368596, 368620, 368644, 368668, 368692, 368716, 368740, 368772, 368796, 368820, 368844, 368868, 368892, 368916, 368940, 367572, 367596, 367620]
---
> ROUTE_ROUTEDEFINITION, []
> ROUTE_ROUTEDEFINITION, []
48111c48111
< ROUTE_ROUTEDEFINITION, [372372, 372396, 372420, 372444, 372476, 372524, 372548, 372580, 372604, 372628, 372652, 372676, 372700, 372732, 372756, 372780, 372804, 372828, 372852, 372884, 372908, 372932, 372956, 372980, 373020, 373044, 372324, 372348]
---
> ROUTE_ROUTEDEFINITION, []
49664d49663
< ROUTE_ROUTEDEFINITION, [379044, 379068, 379092, 379116, 379140, 379164, 379196, 379220, 379244, 379276, 379300, 379324, 379348, 379372, 379404, 379428, 379452, 379476, 379500, 379532, 379556, 379580, 379604, 379628, 379652, 379676, 379700, 379724, 379756, 379780, 379804, 379828, 379852, 379876, 379908, 379932, 379956, 379980, 380004, 380028, 380052, 380108, 380132, 380180, 380204, 380236, 380260, 380284, 380308, 380332, 380356, 380380, 380404, 380436, 380460, 380484, 380508, 380532, 380556, 380588, 380612, 380636, 380660, 380684, 380708, 380732, 380764, 380788, 380812, 380836, 380860, 380884, 380916, 380964, 380988, 381044, 381068, 381100, 381124, 381148, 381172, 381204, 381228, 381252, 381276, 381300, 381324, 381348, 381372, 381396, 381436, 381460, 381484, 381532, 381556, 381580, 378972, 378996, 379020]
50095c50094,50095
< ROUTE_ROUTEDEFINITION, [38188, 38220, 38244, 38268, 38300, 38324, 38356, 38380, 38404, 38428, 38460, 38500, 38524, 38548, 38572, 38596, 38628, 38652, 38676, 38700, 38724, 38756, 38804, 38844, 38868, 38892, 38916, 38940, 38964, 38988, 39012, 38092, 38140]
---
> ROUTE_ROUTEDEFINITION, []
> ROUTE_ROUTEDEFINITION, []
50965d50964
< ROUTE_ROUTEDEFINITION, [384636, 384660, 384684, 384708, 384740, 384764, 384788, 384812, 384836, 384860, 384884, 384924, 384948, 384972, 385028, 385052, 385076, 385100, 385124, 385180, 385204, 384564, 384588, 384612]
51123c51122,51123
< ROUTE_ROUTEDEFINITION, [385300, 385324, 385348, 385372, 385396, 385420, 385460, 385484, 385508, 385532, 385556, 385588, 385636, 385668, 385692, 385716, 385740, 385764, 385788, 385812, 385844, 385868, 385892, 385916, 385940, 385964, 385988, 386012, 386044, 386068, 386092, 386124, 386148, 386172, 386196, 386220, 386244, 386268, 386292, 386324, 386348, 386380, 386404, 385244, 385276]
---
> ROUTE_ROUTEDEFINITION, []
> ROUTE_ROUTEDEFINITION, []
51819d51818
< ROUTE_ROUTEDEFINITION, [388284, 388308, 388332, 388356, 388396, 388420, 388452, 388476, 388500, 388532, 388580, 388612, 388652, 388676, 388700, 388724, 388748, 388772, 388796, 388820, 388852, 388884, 388908, 388932, 388980, 389004, 389028, 389052, 389076, 389108, 389132, 389156, 389180, 389204, 389228, 389252, 389276, 388228, 388260]
52072d52070
< ROUTE_ROUTEDEFINITION, [389388, 389412, 389436, 389460, 389492, 389548, 389572, 389596, 389628, 389652, 389676, 389700, 389732, 389756, 389788, 389812, 389836, 389860, 389884, 389908, 389932, 389956, 389988, 390044, 390068, 390092, 390124, 390172, 390196, 390220, 390244, 390268, 390292, 390324, 390348, 390372, 390404, 390428, 390452, 390476, 390500, 390524, 390556, 390580, 390604, 390628, 390652, 390684, 390708, 390732, 390788, 390812, 390836, 389316, 389340]
52330d52327
< ROUTE_ROUTEDEFINITION, [39132, 39156, 39180, 39204, 39228, 39252, 39276, 39300, 39324, 39356, 80012, 80036, 80060, 39380, 39404, 39428, 39452, 39476, 39500, 39532, 39556, 39580, 39604, 39628, 39652, 39676, 39708, 39732, 39756, 39780, 39804, 39836, 39868, 39892, 39916, 39940, 39964, 39988, 39052, 39076, 39100]
52443c52440,52443
< ROUTE_ROUTEDEFINITION, [390980, 391004, 391036, 391068, 391092, 391116, 391140, 391164, 391188, 391212, 391236, 391260, 391292, 391316, 391348, 391372, 391396, 391420, 391452, 391476, 391500, 391524, 391564, 391588, 391612, 391636, 391660, 391684, 391708, 391732, 391764, 391788, 391812, 391836, 391860, 391884, 391908, 391932, 391972, 392020, 392044, 392076, 392100, 392132, 392156, 392188, 392212, 392236, 392260, 392284, 392316, 392364, 392388, 392412, 392436, 392460, 392484, 392516, 392540, 392564, 392588, 392612, 392636, 392676, 392700, 392724, 392748, 392772, 390908, 390932, 390956]
---
> ROUTE_ROUTEDEFINITION, []
> ROUTE_ROUTEDEFINITION, []
> ROUTE_ROUTEDEFINITION, []
> ROUTE_ROUTEDEFINITION, []
53415c53415
< ROUTE_ROUTEDEFINITION, [395164, 395188, 395220, 395244, 395268, 395292, 395316, 395340, 395364, 395396, 395420, 395444, 395468, 395492, 395516, 395540, 395572, 395596, 395620, 395644, 395668, 395692, 395724, 395748, 395772, 395796, 395828, 395852, 395908, 395932, 395964, 395988, 396012, 396036, 396060, 396084, 396108, 396132, 396156, 396188, 396212, 396236, 396260, 396284, 396308, 396332, 396356, 396396, 396420, 396444, 396468, 396500, 396524, 396548, 396580, 396604, 396628, 396652, 396676, 396700, 396724, 396748, 396772, 395092, 395116, 395140]
---
> ROUTE_ROUTEDEFINITION, []
54299d54298
< ROUTE_ROUTEDEFINITION, [398948, 398972, 399004, 399028, 399060, 399092, 399116, 399140, 399164, 440004, 440028, 440052, 440084, 440108, 440140, 440164, 440188, 440212, 440236, 440260, 440308, 440332, 440364, 440388, 440412, 440452, 440476, 440500, 440524, 440548, 440572, 440596, 440620, 440644, 440676, 440700, 440724, 440748, 399188, 399220, 399244, 399268, 399316, 399340, 399372, 399396, 399420, 399444, 399468, 399492, 399524, 399556, 399580, 399620, 399644, 399676, 399700, 399724, 399748, 399772, 399796, 399820, 399852, 399876, 399908, 399932, 399956, 399980, 398876, 398900, 398924]
54584c54583,54584
< ROUTE_ROUTEDEFINITION, [40072, 40096, 40120, 40144, 40168, 40200, 40248, 40280, 40304, 40328, 40392, 40416, 40440, 40464, 40488, 40512, 40536, 40560, 40592, 40616, 40640, 40664, 40688, 40712, 40736, 40760, 40784, 40816, 40840, 40864, 40888, 40912, 40936, 40960, 40984, 41016, 41040, 41064, 41088, 41112, 41136, 41160, 41184, 41216, 41240, 41280, 41304, 41328, 41352, 41376, 41400, 41432, 41456, 41480, 41504, 41536, 41568, 41592, 41616, 41640, 41664, 41712, 41744, 41776, 41800, 41824, 41848, 41872, 41896, 41928, 41952, 41976, 42000, 42024, 42048, 42072, 42104, 42128, 42152, 42176, 42208, 40024, 40048]
---
> ROUTE_ROUTEDEFINITION, []
> ROUTE_ROUTEDEFINITION, []
55496d55495
< ROUTE_ROUTEDEFINITION, [42328, 42352, 42376, 42400, 42424, 42448, 42472, 42496, 42528, 42552, 42600, 42632, 42656, 42680, 42704, 42736, 42760, 42784, 42808, 42832, 42856, 42880, 42912, 42936, 42960, 42984, 43008, 43032, 43056, 43080, 43104, 43136, 43160, 43184, 42248, 42272, 42296]
55724c55723,55724
< ROUTE_ROUTEDEFINITION, [43280, 43304, 43328, 43352, 43384, 43408, 43432, 43456, 43488, 43512, 43536, 43560, 43584, 43608, 43632, 43656, 43224, 43248]
---
> ROUTE_ROUTEDEFINITION, []
> ROUTE_ROUTEDEFINITION, []
56854c56854
< ROUTE_ROUTEDEFINITION, [444180, 444204, 444228, 444252, 444276, 444308, 444332, 444356, 444380, 444420, 444444, 444468, 444492, 444516, 444548, 444572, 444596, 444620, 444644, 444668, 444692, 444724, 444748, 444772, 444100, 444124, 444148]
---
> ROUTE_ROUTEDEFINITION, []
57640d57639
< ROUTE_ROUTEDEFINITION, [447540, 447564, 447596, 447620, 447644, 447668, 447700, 447724, 447748, 447772, 447812, 447836, 447860, 447884, 447916, 447940, 447964, 447484, 447508]
57760d57758
< ROUTE_ROUTEDEFINITION, [448076, 448108, 448132, 448156, 448180, 448204, 448228, 448252, 448292, 448316, 448340, 448364, 448388, 448412, 448436, 448468, 448492, 448516, 448004, 448028, 448052]
57889c57887,57889
< ROUTE_ROUTEDEFINITION, [448628, 448652, 448676, 448700, 448724, 448756, 448780, 448804, 448828, 448852, 448908, 448940, 448964, 448988, 449012, 449036, 449060, 449092, 449116, 449148, 449172, 449196, 449220, 449244, 449268, 449292, 448556, 448580, 448604]
---
> ROUTE_ROUTEDEFINITION, []
> ROUTE_ROUTEDEFINITION, []
> ROUTE_ROUTEDEFINITION, []
58591d58590
< ROUTE_ROUTEDEFINITION, [451668, 451692, 451716, 451748, 451780, 451812, 451836, 451860, 451884, 451932, 451956, 451988, 452012, 452036, 452060, 452084, 451580, 451604]
58724d58722
< ROUTE_ROUTEDEFINITION, [452196, 452220, 452244, 452268, 452300, 452324, 452348, 452372, 452396, 452420, 452444, 452476, 452508, 452532, 452556, 452580, 452604, 452628, 452652, 452684, 452708, 452732, 452756, 452780, 452828, 452852, 452876, 452932, 452956, 452980, 453004, 452124, 452148, 452172]
58939c58937,58939
< ROUTE_ROUTEDEFINITION, [453100, 453124, 453148, 453172, 453204, 453228, 453252, 453276, 453300, 453324, 453348, 453388, 453412, 453436, 453460, 453516, 453540, 453564, 453588, 453612, 453636, 453668, 453692, 453716, 453772, 453820, 453844, 453868, 453892, 453916, 453940, 453964, 453988, 454012, 454044, 454068, 454092, 454116, 454140, 454172, 454196, 454220, 454244, 454268, 454292, 454316, 453044, 453068]
---
> ROUTE_ROUTEDEFINITION, []
> ROUTE_ROUTEDEFINITION, []
> ROUTE_ROUTEDEFINITION, []
59665d59664
< ROUTE_ROUTEDEFINITION, [456244, 456268, 456292, 456316, 456196, 456220]
59707d59705
< ROUTE_ROUTEDEFINITION, [456436, 456468, 456492, 456516, 456540, 456564, 456588, 456620, 456644, 456676, 456700, 456724, 456748, 456804, 456828, 456860, 456908, 456932, 456956, 456980, 457004, 457036, 457068, 457092, 457124, 457148, 457172, 457196, 457220, 457244, 457268, 457292, 457316, 457348, 457372, 457396, 457420, 456356, 456380, 456404]
59967c59965,59967
< ROUTE_ROUTEDEFINITION, [457532, 457556, 457580, 457612, 457636, 457660, 457684, 457708, 457732, 457756, 457780, 457812, 457836, 457860, 457884, 457908, 457932, 457956, 457996, 458020, 458044, 458068, 458092, 458116, 458140, 458172, 458196, 458220, 458244, 458268, 458292, 458340, 458364, 458396, 458428, 458452, 458476, 458500, 458524, 458548, 458580, 458604, 458636, 458660, 458684, 458708, 458732, 458756, 458780, 458804, 458828, 458860, 458884, 458916, 457460, 457484, 457508]
---
> ROUTE_ROUTEDEFINITION, []
> ROUTE_ROUTEDEFINITION, []
> ROUTE_ROUTEDEFINITION, []
60600c60600
< ROUTE_ROUTEDEFINITION, [460260, 460284, 460308, 460332, 460364, 460180, 460228]
---
> ROUTE_ROUTEDEFINITION, []
61214c61214
< ROUTE_ROUTEDEFINITION, [48192, 48216, 48240, 48272, 48304, 48328, 48352, 48376, 48400, 48424, 48448, 48472, 48496, 48528, 48552, 48576, 48608, 48640, 48664, 48688, 48728, 48752, 48784, 48808, 48840, 48864, 48888, 48912, 48936, 48960, 48992, 49016, 49048, 49072, 49104, 49128, 49152, 49176, 49200, 49224, 49248, 48120, 48144]
---
> ROUTE_ROUTEDEFINITION, []
62656d62655
< ROUTE_ROUTEDEFINITION, [54376, 54400, 54424, 54448, 54472, 54504, 54552, 54576, 54600, 54624, 54648, 54680, 54704, 54736, 54760, 54784, 54808, 54832, 54856, 54880, 54904, 54936, 54968, 54992, 55016, 55040, 55064, 55088, 55112, 55136, 55160, 54296, 54320, 54344]
62869d62867
< ROUTE_ROUTEDEFINITION, [55288, 55312, 55336, 55360, 55384, 55408, 55216, 55240, 55264]
62923c62921,62923
< ROUTE_ROUTEDEFINITION, [55520, 55544, 55568, 55592, 55616, 55672, 55696, 55720, 55744, 55768, 55800, 55824, 55848, 55888, 55912, 55936, 55960, 55984, 56008, 56032, 56064, 56088, 56112, 56144, 56168, 55448, 55472, 55496]
---
> ROUTE_ROUTEDEFINITION, []
> ROUTE_ROUTEDEFINITION, []
> ROUTE_ROUTEDEFINITION, []
63574d63573
< ROUTE_ROUTEDEFINITION, [58312, 58264, 58288]
63596c63595,63596
< ROUTE_ROUTEDEFINITION, [58424, 58456, 58480, 58512, 58536, 58568, 58600, 58624, 58648, 58672, 58696, 58728, 58776, 58800, 58824, 58848, 58872, 58896, 58920, 58952, 58984, 59008, 59032, 59056, 59080, 59104, 59136, 59168, 59192, 59248, 59272, 59296, 59328, 59352, 59376, 59400, 59424, 59448, 59472, 59496, 59528, 59552, 59576, 59600, 59624, 59648, 59672, 59704, 59728, 59752, 59776, 59800, 59824, 59848, 58352, 58376, 58400]
---
> ROUTE_ROUTEDEFINITION, []
> ROUTE_ROUTEDEFINITION, []
64522d64521
< ROUTE_ROUTEDEFINITION, [62376, 62408, 62432, 62456, 62480, 62504, 62552, 62328, 62352]
64586c64585,64586
< ROUTE_ROUTEDEFINITION, [62656, 62680, 62728, 62752, 62776, 62824, 62856, 62880, 62904, 62928, 62968, 62992, 63016, 63040, 63072, 63096, 63144, 63168, 63224, 63248, 63272, 63304, 63328, 63352, 63376, 63408, 63440, 63464, 63488, 63512, 63552, 63576, 63600, 63624, 63648, 63680, 63704, 63752, 63776, 63800, 63832, 63856, 63880, 63904, 63928, 63952, 64008, 64032, 64064, 64088, 64112, 62592, 62632]
---
> ROUTE_ROUTEDEFINITION, []
> ROUTE_ROUTEDEFINITION, []
65646d65645
< ROUTE_ROUTEDEFINITION, [67240, 67264, 67296, 67320, 67344, 67368, 67392, 67416, 67440, 67464, 67496, 67520, 67544, 67568, 67592, 67616, 67640, 67672, 67696, 67720, 67744, 67768, 67792, 67816, 67840, 67872, 67896, 67920, 67944, 67968, 67992, 68016, 68040, 68072, 67168, 67192, 67216]
65867c65866,65867
< ROUTE_ROUTEDEFINITION, [68184, 68208, 68232, 68256, 68280, 68312, 68344, 68368, 68400, 68424, 68448, 68472, 68528, 68560, 68584, 68608, 68632, 68656, 68680, 68712, 68736, 68760, 68784, 68808, 68832, 68856, 68880, 68112, 68136, 68160]
---
> ROUTE_ROUTEDEFINITION, []
> ROUTE_ROUTEDEFINITION, []
66501c66501
< ROUTE_ROUTEDEFINITION, [70888, 70912, 70936, 70960, 70984, 71008, 71032, 71064, 71088, 71112, 71136, 71168, 71192, 71216, 71240, 71264, 71288, 71312, 71336, 71368, 71400, 71424, 71448, 71472, 71496, 71520, 71544, 71568, 71592, 71624, 71648, 71672, 71704, 71752, 71776, 71800, 71824, 71848, 71872, 71896, 71928, 71952, 71976, 72000, 72024, 72048, 72072, 72096, 72136, 72160, 72192, 72216, 72240, 72264, 72288, 72320, 72344, 72368, 72392, 72440, 72464, 72496, 72520, 72544, 72568, 72592, 72616, 72648, 72672, 72696, 72720, 72752, 72776, 72808, 72832, 72856, 72880, 72904, 72928, 72952, 72976, 73000, 70832, 70864]
---
> ROUTE_ROUTEDEFINITION, []
67624c67624
< ROUTE_ROUTEDEFINITION, [75728, 75752, 75776, 75800, 75824, 75848, 75872, 75896, 75952, 75976, 76032, 76064, 76112, 76136, 76184, 76208, 76232, 76264, 76288, 76312, 76336, 76360, 76384, 76408, 76440, 76464, 76488, 76512, 76536, 76560, 76592, 76624, 76648, 76672, 76696, 76744, 76768, 76824, 76872, 76904, 76960, 76984, 77008, 75648, 75672, 75696]
---
> ROUTE_ROUTEDEFINITION, []
68515d68514
< ROUTE_ROUTEDEFINITION, [8028, 8052, 8076, 8124, 8148, 8180, 8204, 8228, 8260, 8284, 8316, 8340, 8364, 8388, 8412, 8436, 8460, 8492, 8532, 8556, 8580, 8604, 8636, 8660, 8692, 8716, 8748, 8772, 8796, 8836, 8876, 8900, 8924, 8948, 8988, 9012, 9036, 9060, 9084, 9116, 7956, 7980]
68566d68564
< ROUTE_ROUTEDEFINITION, [79752, 79776, 79800, 79824, 79848, 79872, 79896, 79928, 120024, 120056, 120080, 120104, 120128, 120152, 120176, 120200, 120232, 120264, 120288, 79952, 79976, 79728]
68659d68656
< ROUTE_ROUTEDEFINITION, [80172, 80196, 80228, 80252, 80276, 80300, 80324, 80356, 80388, 80412, 80436, 80460, 80484, 80508, 80532, 80556, 80588, 80612, 80644, 80676, 80700, 80724, 80748, 80772, 80796, 80820, 80844, 80876, 80900, 80924, 80948, 80972, 80996, 81020, 81044, 81068, 80100, 80124, 80148]
68897c68894,68897
< ROUTE_ROUTEDEFINITION, [81164, 81188, 81212, 81244, 81276, 81300, 81116, 81140]
---
> ROUTE_ROUTEDEFINITION, []
> ROUTE_ROUTEDEFINITION, []
> ROUTE_ROUTEDEFINITION, []
> ROUTE_ROUTEDEFINITION, []
69421d69420
< ROUTE_ROUTEDEFINITION, [83404, 83428, 83460, 83484, 83524, 83548, 83572, 83596, 83628, 83652, 83676, 83700, 83724, 83748, 83772, 83796, 83820, 83852, 83876, 83900, 83932, 83956, 83980, 84004, 84028, 84052, 84076, 84116, 84140, 84164, 84188, 84212, 84236, 84260, 84292, 84316, 84340, 84364, 84388, 84412, 84436, 84468, 84492, 84516, 84540, 84564, 84588, 84628, 84652, 84676, 84700, 84724, 84756, 84804, 84828, 84852, 83348, 83380]
69778d69776
< ROUTE_ROUTEDEFINITION, [84964, 84988, 85012, 85044, 85068, 85100, 85124, 85148, 85172, 85196, 85220, 85244, 85268, 85332, 85356, 85380, 85404, 85428, 85452, 85484, 85508, 85532, 85556, 85580, 85604, 85628, 85660, 85684, 85708, 85732, 85772, 85820, 85844, 85868, 85916, 85940, 85964, 85996, 86020, 86044, 86068, 86100, 86124, 86148, 86196, 86220, 86252, 86276, 86300, 86332, 86356, 86380, 86404, 86436, 86460, 86484, 86508, 86564, 86588, 86612, 86636, 86660, 86684, 86708, 84892, 84916, 84940]
70213c70211,70213
< ROUTE_ROUTEDEFINITION, [86828, 86852, 86900, 86924, 86948, 86972, 86996, 87028, 87052, 87100, 87124, 87148, 87188, 87212, 87236, 87260, 87292, 87316, 87340, 87388, 87412, 87436, 87460, 87492, 87516, 87540, 87572, 87596, 87620, 87644, 87668, 87692, 87716, 87740, 87764, 87796, 87860, 87892, 87916, 87940, 87964, 87988, 88020, 88044, 88068, 88092, 88116, 88140, 88164, 88188, 88212, 86748, 86772, 86796]
---
> ROUTE_ROUTEDEFINITION, []
> ROUTE_ROUTEDEFINITION, []
> ROUTE_ROUTEDEFINITION, []
70902c70902
< ROUTE_ROUTEDEFINITION, [89780, 89804, 89828, 89852, 89876, 89916, 89940, 89964, 89996, 90020, 90044, 90068, 90092, 90124, 90148, 90172, 90196, 90228, 90260, 90284, 90308, 90332, 90356, 90380, 90404, 90428, 90460, 90484, 90508, 90532, 90564, 90596, 90620, 90644, 90668, 90692, 90716, 90740, 90772, 90796, 90820, 90844, 90868, 90892, 90932, 90956, 90980, 91004, 91028, 91052, 91076, 91100, 91124, 91156, 91180, 91204, 91228, 91252, 91284, 91308, 91332, 91356, 91380, 91404, 91452, 91484, 91508, 91532, 91556, 91580, 91604, 91628, 91652, 91684, 91748, 91772, 91796, 91820, 91868, 91892, 89708, 89732, 89756]
---
> ROUTE_ROUTEDEFINITION, []
71913c71913
< ROUTE_ROUTEDEFINITION, [94100, 94124, 94156, 94180, 94228, 94260, 94284, 94308, 94332, 94356, 94380, 94404, 94428, 94460, 94484, 94508, 94532, 94564, 94588, 94612, 94644, 94668, 94692, 94716, 94740, 94764, 94788, 94820, 94844, 94876, 94900, 94924, 94956, 94980, 95020, 95044, 95068, 95092, 95116, 95140, 95164, 95188, 95220, 95244, 95268, 95292, 95316, 95340, 95372, 95396, 95444, 95468, 95500, 95524, 95572, 95604, 95628, 95652, 95676, 95700, 95724, 95748, 95780, 95804, 95828, 95852, 95876, 95924, 95956, 95980, 96004, 96028, 94028, 94052, 94076]
---
> ROUTE_ROUTEDEFINITION, []
73192c73192
< ROUTE_ROUTEDEFINITION, [99580, 99604, 99628, 99660, 99684, 99716, 99740, 99764, 99796, 99844, 99868, 99892, 99916, 99948, 99972, 99996, 100020, 100044, 100068, 100092, 100116, 100140, 100172, 100196, 100220, 100244, 200024, 200048, 200072, 200096, 200128, 200152, 200176, 200200, 200224, 200248, 200272, 200296, 200320, 200376, 200400, 200424, 200448, 200472, 200496, 200520, 200544, 100268, 100292, 100324, 100348, 100372, 100396, 100428, 100452, 100476, 100500, 100524, 100548, 100572, 100604, 100628, 100652, 100676, 100700, 100724, 100748, 100780, 100804, 100828, 100852, 100876, 100900, 100924, 100956, 100980, 101004, 101028, 101060, 101084, 101108, 101132, 101156, 101180, 101204, 101228, 101252, 101284, 101308, 101332, 101356, 101380, 101404, 101428, 101452, 101476, 101508, 101532, 101556, 101580, 101604, 99508, 99532, 99556]
---
> ROUTE_ROUTEDEFINITION, []
